Poly obstacles not working in this case
x_init_recov = [0.0, 6.66667, 0.0, 0.0, 0.0, 0.0, 0.0, 0.0, 0.0, 1.0, 0.0, 0.0, 0.0]
x_final_recov = [8.88889, 3.33333, 0.0, 0.0, 0.0, 0.0, 0.0, 0.0, 1.0, 0.0, 0.0, 0.0, 0.0]
